image_width: 1280
image_height: 720
camera_name: camera/left
camera_matrix:
  rows: 3
  cols: 3
  data: [696.262741, 0.000000, 664.582790, 0.000000, 696.715205, 331.199610, 0.000000, 0.000000, 1.000000]
distortion_model: plumb_bob
distortion_coefficients:
  rows: 1
  cols: 5
  data: [-0.174138, 0.025148, -0.000023, 0.001127, 0.000000]
rectification_matrix:
  rows: 3
  cols: 3
  data: [0.999987, 0.000814, 0.005020, -0.000801, 0.999996, -0.002658, -0.005022, 0.002654, 0.999984]
projection_matrix:
  rows: 3
  cols: 4
  data: [696.388858, 0.000000, 648.123726, 0.000000, 0.000000, 696.388858, 345.289268, 0.000000, 0.000000, 0.000000, 1.000000, 0.000000]
