image_width: 1280
image_height: 720
camera_name: zed/left
camera_matrix:
  rows: 3
  cols: 3
  data: [713.929340, 0.000000, 679.052285, 0.000000, 715.011005, 328.170747, 0.000000, 0.000000, 1.000000]
distortion_model: plumb_bob
distortion_coefficients:
  rows: 1
  cols: 5
  data: [-0.173005, 0.017162, 0.000777, -0.002202, 0.000000]
rectification_matrix:
  rows: 3
  cols: 3
  data: [0.996855, -0.010879, 0.078501, 0.011292, 0.999925, -0.004824, -0.078442, 0.005695, 0.996902]
projection_matrix:
  rows: 3
  cols: 4
  data: [716.527831, 0.000000, 664.431450, 0.000000, 0.000000, 716.527831, 342.078526, 0.000000, 0.000000, 0.000000, 1.000000, 0.000000]
