image_width: 1280
image_height: 720
camera_name: camera
camera_matrix:
  rows: 3
  cols: 3
  data: [719.216628, 0.000000, 632.224929, 0.000000, 719.553447, 362.122099, 0.000000, 0.000000, 1.000000]
distortion_model: plumb_bob
distortion_coefficients:
  rows: 1
  cols: 5
  data: [-0.178709, 0.026960, 0.001302, -0.002090, 0.000000]
rectification_matrix:
  rows: 3
  cols: 3
  data: [0.996074, -0.013859, -0.087430, 0.014320, 0.999887, 0.004641, 0.087356, -0.005875, 0.996160]
projection_matrix:
  rows: 3
  cols: 4
  data: [716.527831, 0.000000, 664.431450, -432.282493, 0.000000, 716.527831, 342.078526, 0.000000, 0.000000, 0.000000, 1.000000, 0.000000]
