image_width: 1280
image_height: 720
camera_name: camera/right
camera_matrix:
  rows: 3
  cols: 3
  data: [697.561169, 0.000000, 619.174651, 0.000000, 697.422254, 364.054801, 0.000000, 0.000000, 1.000000]
distortion_model: plumb_bob
distortion_coefficients:
  rows: 1
  cols: 5
  data: [-0.167196, 0.022090, 0.000330, -0.000437, 0.000000]
rectification_matrix:
  rows: 3
  cols: 3
  data: [0.999946, -0.000419, -0.010401, 0.000447, 0.999996, 0.002653, 0.010400, -0.002658, 0.999942]
projection_matrix:
  rows: 3
  cols: 4
  data: [696.388858, 0.000000, 648.123726, -359.466975, 0.000000, 696.388858, 345.289268, 0.000000, 0.000000, 0.000000, 1.000000, 0.000000]
