[LEFT_CAM_2K] 
fx=1400.71 
fy=1400.71 
cx=1161.87 
cy=634.07 
k1=-0.173243 
k2=0.0253571 
p1=0 
p2=0 

[RIGHT_CAM_2K] 
fx=1399.16 
fy=1399.16 
cx=1157.05 
cy=648.549 
k1=-0.17398 
k2=0.0272116 
p1=0 
p2=0 

[LEFT_CAM_FHD] 
fx=1400.71 
fy=1400.71 
cx=1017.87 
cy=553.07 
k1=-0.173243 
k2=0.0253571 
p1=0 
p2=0 

[RIGHT_CAM_FHD] 
fx=1399.16 
fy=1399.16 
cx=1013.05 
cy=567.549 
k1=-0.17398 
k2=0.0272116 
p1=0 
p2=0 

[LEFT_CAM_HD] 
fx=700.357 
fy=700.357 
cx=667.437 
cy=365.035 
k1=-0.173243 
k2=0.0253571 
p1=0 
p2=0 

[RIGHT_CAM_HD] 
fx=699.581 
fy=699.581 
cx=665.025 
cy=372.274 
k1=-0.17398 
k2=0.0272116 
p1=0 
p2=0 

[LEFT_CAM_VGA] 
fx=350.179 
fy=350.179 
cx=349.218 
cy=190.017 
k1=-0.173243 
k2=0.0253571 
p1=0 
p2=0 

[RIGHT_CAM_VGA] 
fx=349.791 
fy=349.791 
cx=348.013 
cy=193.637 
k1=-0.17398 
k2=0.0272116 
p1=0 
p2=0 

[STEREO] 
Baseline=120 
CV_2K=0.0228216 
CV_FHD=0.0228216 
CV_HD=0.0228216 
CV_VGA=0.0228216 
RX_2K=-0.00325192 
RX_FHD=-0.00325192 
RX_HD=-0.00325192 
RX_VGA=-0.00325192 
RZ_2K=-0.00116869 
RZ_FHD=-0.00116869 
RZ_HD=-0.00116869 
RZ_VGA=-0.00116869
